NoOfEntities:    94
NoOfRooms:       94
NoOfFloors:      3
NoOfConstraints: 189
NoOfHardConstraints: 94
NoOfSoftConstraints: 95

ENTITIES
      0      0          20
      1      2        13.5
      2      3          18
      3      3        13.5
      4      3          36
      5      3          12
      6      3          20
      7      3        13.5
      8      3          54
      9      3          12
     10      1          18
     11      1          18
     12      0          18
     13      7          18
     14      5          18
     15      9       20.25
     16      0          54
     17      0          84
     18      6       20.25
     19      1       20.25
     20      0         128
     21      0          54
     22      0          18
     23      2       20.25
     24     13        13.5
     25      9       20.25
     26      0          13
     27     11        13.5
     28     10          18
     29      0          80
     30      8          18
     31      2          18
     32      6          18
     33      0          70
     34      0          40
     35      0          70
     36     13        13.5
     37     11        13.5
     38      7          18
     39     13        13.5
     40      0         437
     41     11        13.5
     42      6       20.25
     43      0          20
     44      0          20
     45      4       20.25
     46      8          18
     47      0          36
     48      0          18
     49      0          18
     50      0          18
     51     13        13.5
     52      2          18
     53      0       20.25
     54      8       20.25
     55      0          18
     56      0          12
     57     11          13
     58     11        13.5
     59      5       20.25
     60      0          54
     61     11        13.5
     62      0          34
     63      0          34
     64      0          72
     65      0          72
     66      0          20
     67      2          18
     68      0       20.25
     69      0       20.25
     70      0          18
     71      0          18
     72      0          54
     73      0          18
     74      7          18
     75      0          18
     76      0          12
     77      0          14
     78      0          12
     79      0         380
     80      1          18
     81     12          18
     82     12          18
     83     12          18
     84     12          27
     85     12          27
     86     12          34
     87     13          18
     88      7          18
     89      0        13.5
     90     13        13.5
     91      0          18
     92     13        13.5
     93     11        13.5

ROOMS
      0      0          27      4   1   2   3   4
      1      0        18.3      2   0   2
      2      0        18.3      4   0   1   3   4
      3      0          27      5   0   2   4   5   9
      4      0        34.6      5   0   2   3   5   9
      5      0        13.5      4   3   4   6   9
      6      0        13.5      3   5   7   9
      7      0        13.5      4   6   8   9  10
      8      0        13.5      5   7   9  10  11  12
      9      0          54      7   3   4   5   6   7   8  10
     10      0        13.5      5   7   8   9  11  12
     11      0        34.6      5   8  10  12  13  14
     12      0        13.5      3   8  10  11
     13      0        18.3      2  11  14
     14      0        18.3      2  11  13
     15      0        82.5      4  16  17  18  19
     16      0        13.5      4  15  17  19  20
     17      0        34.6      5  15  16  18  19  20
     18      0        34.6      3  15  17  20
     19      0        13.5      4  15  16  17  20
     20      0         380      4  16  17  18  19
     21      0        12.6      0
     22      0       437.4      0
     23      1       20.25      3  24  27  35
     24      1       20.25      4  23  25  27  35
     25      1       20.25      4  24  26  34  35
     26      1       20.25      3  25  34  35
     27      1        13.5      4  23  24  28  35
     28      1        13.5      2  27  35
     29      1        13.5      4  30  35  36  37
     30      1          54      3  29  36  37
     31      1        12.6      0
     32      1        13.5      2  35  36
     33      1        13.5      2  34  35
     34      1        13.5      4  25  26  33  35
     35      1        83.5     11  23  24  25  26  27  28  29  32  33  34  36
     36      1          18      5  29  30  32  35  37
     37      1          72      3  29  30  36
     38      1        18.3      3  39  41  42
     39      1        18.3      4  38  40  41  42
     40      1        18.3      2  39  42
     41      1        13.5      4  38  39  42  43
     42      1          36      7  38  39  40  41  43  44  45
     43      1        13.5      4  41  42  44  45
     44      1        13.5      4  42  43  45  46
     45      1        18.3      4  42  43  44  46
     46      1         127      3  44  45  47
     47      1        30.6      2  46  48
     48      1        14.5      1  47
     49      2          54      2  50  51
     50      2          18      4  49  51  52  53
     51      2        13.5      4  49  50  52  53
     52      2          18      5  50  51  53  54  55
     53      2        13.5      5  50  51  52  54  55
     54      2          18      5  52  53  55  56  57
     55      2        13.5      5  52  53  54  56  57
     56      2          18      5  54  55  57  58  59
     57      2        13.5      5  54  55  56  58  59
     58      2        70.8      6  56  57  59  60  61  62
     59      2          20      4  56  57  58  60
     60      2          20      3  58  59  62
     61      2        70.8      2  58  62
     62      2        40.5      3  58  60  61
     63      2       20.25      3  64  67  81
     64      2       20.25      4  63  65  67  81
     65      2       20.25      4  64  66  80  81
     66      2       20.25      3  65  80  81
     67      2        18.3      3  63  64  81
     68      2        13.5      2  69  82
     69      2        13.5      4  68  70  82  83
     70      2        13.5      4  69  71  83  84
     71      2        13.5      4  70  72  84  85
     72      2          54      2  71  85
     73      2        12.6      0
     74      2          54      2  75  85
     75      2        13.5      4  74  76  84  85
     76      2        13.5      4  75  77  83  84
     77      2        13.5      4  76  78  82  83
     78      2        13.5      3  77  79  82
     79      2        18.3      4  78  80  81  82
     80      2        18.3      4  65  66  79  81
     81      2        13.5      8  63  64  65  66  67  79  80  82
     82      2        18.3      7  68  69  77  78  79  81  83
     83      2        18.3      6  69  70  76  77  82  84
     84      2        18.3      6  70  71  75  76  83  85
     85      2          72      5  71  72  74  75  84
     86      2        18.3      1  87
     87      2        18.3      3  86  88  89
     88      2        18.3      2  87  89
     89      2        13.5      3  87  88  90
     90      2        13.5      2  89  91
     91      2        13.5      3  90  92  93
     92      2        18.3      2  91  93
     93      2        13.5      2  91  92

CONSTRAINTS
      0      0      0     53     65
      1      0      0     41     67
      2      0      0     79     20
      3      0      0     62     18
      4      0      0     63     17
      5      0      0     57     81
      6      0      0     17     35
      7      0      0     72     72
      8      0      0     16     74
      9      0      0     87     36
     10      0      0     42     64
     11      0      0     23     88
     12      0      0     15     86
     13      0      0     39     38
     14      0      0     18     24
     15      0      0     47     42
     16      0      0     60     49
     17      0      0     21     30
     18      0      0     64     37
     19      0      0     20     46
     20      0      0      0     54
     21      0      0     66     56
     22      0      0     43     59
     23      0      0     44     60
     24      0      0     34     62
     25      0      0     35     58
     26      0      0     33     61
     27      0      0     22     82
     28      0      0     55     83
     29      0      0     65     85
     30      0      0     86      4
     31      0      0      4     11
     32      0      0     73     14
     33      0      0      2      6
     34      0      0     81      5
     35      7      1     61     53
     36      7      0      1     23
     37      7      0     62     79
     38      7      0     63     79
     39      7      0     92     47
     40      7      0     51     47
     41      7      0     41     57
     42      7      0     27     16
     43      7      0     46     30
     44      7      0     67      1
     45      7      0     52     67
     46      7      0     31     52
     47      7      1      3      2
     48      7      1     85     81
     49      7      1     26     29
     50      7      1     89     79
     51      7      0     24     90
     52      7      0     87     17
     53      7      0     66      0
     54      7      0     35     33
     55      9      1      2     29
     56      9      0     86     29
     57      9      0     84     73
     58      9      0     85     73
     59      9      0     21     20
     60      9      1     56     77
     61      9      0     17     47
     62      9      1     60     29
     63      9      1     60     40
     64      9      0     35     17
     65      9      1     34     29
     66      9      0     72     60
     67      9      0     78     77
     68      6      1      0     -1
     69      6      1      2     -1
     70      6      1      4     -1
     71      6      1      5     -1
     72      6      1      6     -1
     73      6      1      7     -1
     74      6      1      8     -1
     75      6      1      9     -1
     76      6      1     10     -1
     77      6      1     11     -1
     78      6      1     12     -1
     79      6      1     13     -1
     80      6      1     14     -1
     81      6      1     15     -1
     82      6      1     16     -1
     83      6      1     17     -1
     84      6      1     18     -1
     85      6      1     19     -1
     86      6      1     20     -1
     87      6      1     21     -1
     88      6      1     22     -1
     89      6      1     23     -1
     90      6      1     24     -1
     91      6      1     25     -1
     92      6      1     26     -1
     93      6      1     28     -1
     94      6      1     29     -1
     95      6      1     30     -1
     96      6      1     31     -1
     97      6      1     32     -1
     98      6      1     33     -1
     99      6      1     34     -1
    100      6      1     35     -1
    101      6      1     36     -1
    102      6      1     38     -1
    103      6      1     39     -1
    104      6      1     40     -1
    105      6      1     42     -1
    106      6      1     43     -1
    107      6      1     44     -1
    108      6      1     45     -1
    109      6      1     46     -1
    110      6      1     47     -1
    111      6      1     48     -1
    112      6      1     49     -1
    113      6      1     50     -1
    114      6      1     51     -1
    115      6      1     52     -1
    116      6      1     53     -1
    117      6      1     54     -1
    118      6      1     55     -1
    119      6      1     56     -1
    120      6      1     57     -1
    121      6      1     59     -1
    122      6      1     60     -1
    123      6      1     62     -1
    124      6      1     63     -1
    125      6      1     64     -1
    126      6      1     65     -1
    127      6      1     66     -1
    128      6      1     67     -1
    129      6      1     68     -1
    130      6      1     69     -1
    131      6      1     70     -1
    132      6      1     71     -1
    133      6      1     72     -1
    134      6      1     73     -1
    135      6      1     74     -1
    136      6      1     75     -1
    137      6      1     76     -1
    138      6      1     77     -1
    139      6      1     78     -1
    140      6      1     79     -1
    141      6      1     80     -1
    142      6      1     81     -1
    143      6      1     82     -1
    144      6      1     83     -1
    145      6      1     86     -1
    146      6      1     87     -1
    147      6      1     88     -1
    148      6      1     89     -1
    149      6      1     90     -1
    150      6      1     91     -1
    151      6      1     92     -1
    152      8      0     59     14
    153      8      0      2      3
    154      8      0      2      4
    155      8      0      2      5
    156      8      0      2      6
    157      8      0      2      7
    158      8      0      2      8
    159      8      0      2      9
    160      8      0     81     82
    161      8      0     81     83
    162      8      0     81     84
    163      8      0     81     85
    164      8      0     81     86
    165      8      0     57     27
    166      8      0     57     37
    167      8      0     57     41
    168      8      0     57     58
    169      8      0     57     61
    170      8      0     57     93
    171      8      0     54     30
    172      8      0     54     46
    173      8      0     42     18
    174      8      0     42     32
    175      8      0     39     24
    176      8      0     39     36
    177      8      0     39     51
    178      8      0     39     87
    179      8      0     39     90
    180      8      0     39     92
    181      8      0     23      1
    182      8      0     23     31
    183      8      0     23     52
    184      8      0     23     67
    185      8      0     15     25
    186      8      0     19     10
    187      8      0     19     11
    188      8      0     19     80
