NoOfEntities:    86
NoOfRooms:       59
NoOfFloors:      3
NoOfConstraints: 100
NoOfHardConstraints: 43
NoOfSoftConstraints: 57

ENTITIES
      0      7           6
      1     10           6
      2      4           6
      3      0          20
      4     10           6
      5      3          36
      6      3          12
      7      3          20
      8      3          54
      9      3          36
     10      3          12
     11      8           9
     12      4           6
     13      2           9
     14      0          18
     15      6           6
     16      0          54
     17      4          24
     18      0          84
     19      6           9
     20      0         128
     21      2           6
     22      4           9
     23      0          54
     24      0          18
     25     10           6
     26      6           6
     27      0          13
     28      2           6
     29      0          80
     30      7           6
     31      4           9
     32      4           9
     33      4           6
     34      0          70
     35      0          40
     36      0          70
     37      4           9
     38      4           6
     39      6           6
     40      2           9
     41      4           6
     42      4           9
     43      0         437
     44      8          18
     45      4           9
     46      4           6
     47      6           6
     48      0          20
     49      0          20
     50      4           6
     51      1           6
     52      5           6
     53      0          36
     54      7           6
     55      6           9
     56      8           6
     57      1           6
     58      4           6
     59      0          24
     60      0          18
     61      0          36
     62      0          36
     63      0          12
     64      4           9
     65      2           6
     66      2           6
     67      9          13
     68      0          54
     69      0          34
     70      0          34
     71      0          72
     72      0          72
     73      0          20
     74      0          18
     75      6           9
     76      0          54
     77      0          18
     78      0          12
     79      0          14
     80      0          12
     81      0         380
     82      4           6
     83     11          34
     84     12          18
     85      1           6

ROOMS
      0      0        34.6      1   2
      1      0        13.5      3   2   3   4
      2      0          54      2   0   1
      3      0        34.6      5   1   4   5   6   7
      4      0        13.5      3   1   3   5
      5      0          39      3   3   4   6
      6      0        18.3      3   3   5   7
      7      0        18.3      2   3   6
      8      0        82.5      3   9  10  11
      9      0        13.5      3   8  10  12
     10      0        34.6      4   8   9  11  12
     11      0        34.6      3   8  10  12
     12      0         380      3   9  10  11
     13      0        12.6      0
     14      0       437.4      0
     15      1        40.5      2  21  22
     16      1          54      2  22  23
     17      1        12.6      0
     18      1          27      3  19  22  23
     19      1        40.5      4  18  21  22  23
     20      1          27      2  21  22
     21      1        83.5      4  15  19  20  22
     22      1          18      7  15  16  18  19  20  21  23
     23      1          72      4  16  18  19  22
     24      1          36      0
     25      1          27      2  26  27
     26      1         127      3  25  27  28
     27      1          27      3  25  26  28
     28      1        40.5      2  26  27
     29      1        14.5      0
     30      2          54      0
     31      2          18      1  32
     32      2          18      3  31  33  34
     33      2        70.8      5  32  34  35  36  37
     34      2          20      3  32  33  35
     35      2          20      3  33  34  37
     36      2        70.8      3  33  37  38
     37      2        40.5      4  33  35  36  38
     38      2          27      2  36  37
     39      2        18.3      2  43  44
     40      2          54      1  47
     41      2        12.6      0
     42      2          54      1  47
     43      2        13.5      2  39  44
     44      2        18.3      3  39  43  45
     45      2        18.3      2  44  46
     46      2        18.3      2  45  47
     47      2          72      3  40  42  46
     48      2        18.3      1  49
     49      2        18.3      2  48  50
     50      2        18.3      1  49
     51      2          36      2  52  53
     52      2          18      4  51  53  54  55
     53      2        40.5      4  51  52  54  55
     54      2          18      5  52  53  55  56  57
     55      2        13.5      5  52  53  54  56  57
     56      2          36      4  54  55  57  58
     57      2          27      4  54  55  56  58
     58      2        30.6      2  56  57

CONSTRAINTS
      0      0      0     81     12
      1      0      0     69     11
      2      0      0     70     10
      3      0      0     67     43
      4      0      0     18     21
      5      0      0     76     40
      6      0      0     16     42
      7      0      0     84     22
      8      0      0     53     24
      9      0      0     68     30
     10      0      0     23     16
     11      0      0     71     23
     12      0      0     20     26
     13      0      0      3     31
     14      0      0     73     32
     15      0      0     48     34
     16      0      0     49     35
     17      0      0     35     37
     18      0      0     36     33
     19      0      0     34     36
     20      0      0     24     44
     21      0      0     60     45
     22      0      0     72     47
     23      0      0     83      0
     24      0      0      5      3
     25      0      0     77      7
     26      4      0     54     30
     27      4      0      0     54
     28      4      0     15     47
     29      4      0     39     15
     30      4      0     26     39
     31      4      0     85     51
     32      4      0     51     57
     33      4      0     28     65
     34      4      0     65     21
     35      4      0     40     13
     36      4      0     11     56
     37      4      0     42     82
     38      4      0      1     25
     39      4      0     25      4
     40      4      0     19     55
     41      4      0     55     75
     42      4      0     32     58
     43      4      0     46     12
     44      4      0     38     58
     45      4      0     12     38
     46      7      0     69     81
     47      7      0     70     81
     48      7      1     27     29
     49      7      0     84     18
     50      7      0     73      3
     51      7      0     36     34
     52      9      0     83     29
     53      9      0     23     20
     54      9      1     63     79
     55      9      0     18     53
     56      9      1     68     29
     57      9      1     68     43
     58      9      0     36     18
     59      9      1     35     29
     60      9      0     76     68
     61      9      0     80     79
     62      6      1      3     -1
     63      6      1      5     -1
     64      6      1      6     -1
     65      6      1      7     -1
     66      6      1      8     -1
     67      6      1     10     -1
     68      6      1     14     -1
     69      6      1     16     -1
     70      6      1     18     -1
     71      6      1     20     -1
     72      6      1     23     -1
     73      6      1     24     -1
     74      6      1     27     -1
     75      6      1     29     -1
     76      6      1     34     -1
     77      6      1     35     -1
     78      6      1     36     -1
     79      6      1     43     -1
     80      6      1     48     -1
     81      6      1     49     -1
     82      6      1     53     -1
     83      6      1     60     -1
     84      6      1     63     -1
     85      6      1     67     -1
     86      6      1     68     -1
     87      6      1     69     -1
     88      6      1     70     -1
     89      6      1     71     -1
     90      6      1     72     -1
     91      6      1     73     -1
     92      6      1     76     -1
     93      6      1     77     -1
     94      6      1     78     -1
     95      6      1     79     -1
     96      6      1     80     -1
     97      6      1     81     -1
     98      6      1     83     -1
     99      6      1     84     -1
