NoOfEntities:    104
NoOfRooms:       77
NoOfFloors:      3
NoOfConstraints: 136
NoOfHardConstraints: 37
NoOfSoftConstraints: 99

ENTITIES
      0      9           9
      1     13          18
      2      5           6
      3      2           6
      4     13          18
      5     10        13.5
      6      3          18
      7      3           6
      8      3           9
      9      3          18
     10      5           9
     11      1          18
     12      1          18
     13      2           9
     14      7           6
     15      8           6
     16      5           6
     17     10       20.25
     18      5        13.5
     19      7          18
     20      1       20.25
     21      7        13.5
     22      2           6
     23      5           6
     24     13          18
     25      7          18
     26      2           6
     27     15        13.5
     28     10        13.5
     29      2       20.25
     30     12       20.25
     31     11          18
     32      9           6
     33      2        13.5
     34      9           6
     35      5           9
     36      7          18
     37      5           6
     38      5           9
     39      5        13.5
     40      5          18
     41     15        13.5
     42      7          18
     43      2       20.25
     44      5        13.5
     45      5        13.5
     46     12       20.25
     47      8       20.25
     48     15           6
     49     12          18
     50      7           6
     51     10          18
     52      5       20.25
     53      5          18
     54      7          18
     55      4           9
     56      5           9
     57      1          24
     58      6           6
     59      9          24
     60     15          18
     61      0           6
     62      0           6
     63      0           6
     64      9          36
     65      2           6
     66      0        13.5
     67      7       20.25
     68     10           9
     69      9          36
     70      1       20.25
     71      5           6
     72      5           6
     73      2        13.5
     74      2          18
     75      0           6
     76      0           9
     77      0          18
     78     12          18
     79      5       20.25
     80     12          18
     81      2          18
     82      7           9
     83      0        13.5
     84      0        13.5
     85      0          36
     86      0           6
     87      0          18
     88      8           6
     89      5           6
     90      1       20.25
     91      8           6
     92      0          18
     93     14          18
     94     14          18
     95     14          18
     96     14          27
     97     14          27
     98      0           9
     99     15        13.5
    100      1           9
    101      0           6
    102     15        13.5
    103     12           6

ROOMS
      0      0          27      3   1   2   3
      1      0        18.3      2   0   2
      2      0        18.3      3   0   1   3
      3      0          27      3   0   2   4
      4      0        13.5      2   3   5
      5      0        13.5      2   4   6
      6      0        13.5      2   5   7
      7      0        13.5      1   6
      8      0          39      0
      9      0        13.5      0
     10      1       20.25      2  11  14
     11      1       20.25      3  10  12  14
     12      1       20.25      3  11  13  23
     13      1       20.25      2  12  23
     14      1        13.5      3  10  11  15
     15      1        13.5      2  14  16
     16      1        40.5      2  15  17
     17      1        13.5      1  16
     18      1          27      1  19
     19      1        40.5      2  18  20
     20      1        13.5      2  19  21
     21      1          27      2  20  22
     22      1        13.5      2  21  23
     23      1        13.5      3  12  13  22
     24      1        18.3      2  25  27
     25      1        18.3      3  24  26  27
     26      1        18.3      1  25
     27      1        13.5      3  24  25  28
     28      1        13.5      3  27  29  30
     29      1        13.5      3  28  30  31
     30      1        18.3      3  28  29  31
     31      1          27      3  29  30  32
     32      1          27      2  31  33
     33      1        40.5      2  32  34
     34      1        30.6      1  33
     35      2          18      3  36  37  38
     36      2        13.5      3  35  37  38
     37      2          18      4  35  36  38  39
     38      2        13.5      4  35  36  37  39
     39      2        13.5      3  37  38  40
     40      2        13.5      1  39
     41      2          27      0
     42      2       20.25      2  43  46
     43      2       20.25      3  42  44  46
     44      2       20.25      3  43  45  57
     45      2       20.25      2  44  57
     46      2        18.3      3  42  43  47
     47      2        18.3      2  46  48
     48      2        13.5      2  47  49
     49      2        13.5      2  48  50
     50      2        13.5      2  49  51
     51      2        13.5      1  50
     52      2        13.5      1  53
     53      2        13.5      2  52  54
     54      2        13.5      2  53  55
     55      2        13.5      2  54  56
     56      2        18.3      2  55  57
     57      2        18.3      3  44  45  56
     58      2        18.3      2  59  61
     59      2        18.3      4  58  60  61  62
     60      2        18.3      2  59  62
     61      2        18.3      5  58  59  62  63  64
     62      2        13.5      5  59  60  61  63  64
     63      2        18.3      5  61  62  64  65  66
     64      2        13.5      5  61  62  63  65  66
     65      2        18.3      5  63  64  66  67  68
     66      2        13.5      5  63  64  65  67  68
     67      2        18.3      5  65  66  68  69  71
     68      2        13.5      5  65  66  67  69  71
     69      2          36      4  67  68  70  71
     70      2          18      4  69  71  72  73
     71      2        40.5      6  67  68  69  70  72  73
     72      2          18      5  70  71  73  74  75
     73      2        13.5      5  70  71  72  74  75
     74      2          36      4  72  73  75  76
     75      2          27      4  72  73  74  76
     76      2        30.6      2  74  75

CONSTRAINTS
      0      0      0     66     44
      1      0      0     49     46
      2      0      0     50     43
      3      0      0     26     60
      4      0      0     17     58
      5      0      0     48     24
      6      0      0     19     11
      7      0      0      6      5
      8      0      0     93      4
      9      4      0     64     34
     10      4      0      0     64
     11      4      0     14     54
     12      4      0     42     14
     13      4      0     25     42
     14      4      0    100     57
     15      4      0     57     70
     16      4      0     29     73
     17      4      0     73     22
     18      4      0     43     13
     19      4      0      5     68
     20      4      0     45     89
     21      4      0      1     24
     22      4      0     24      4
     23      4      0     21     67
     24      4      0     67     82
     25      4      0     37     71
     26      4      0     53     10
     27      4      0     40     71
     28      4      0     10     40
     29      7      1     80     66
     30      7      0      3     26
     31      7      0     59     32
     32      7      0     81      3
     33      7      0     65     81
     34      7      0     33     65
     35      7      1      7      6
     36      7      1     97     93
     37      7      0     27     99
     38      6      1      6     -1
     39      6      1      9     -1
     40      6      1     11     -1
     41      6      1     12     -1
     42      6      1     17     -1
     43      6      1     18     -1
     44      6      1     19     -1
     45      6      1     20     -1
     46      6      1     27     -1
     47      6      1     30     -1
     48      6      1     33     -1
     49      6      1     36     -1
     50      6      1     41     -1
     51      6      1     44     -1
     52      6      1     46     -1
     53      6      1     47     -1
     54      6      1     49     -1
     55      6      1     51     -1
     56      6      1     52     -1
     57      6      1     60     -1
     58      6      1     74     -1
     59      6      1     77     -1
     60      6      1     78     -1
     61      6      1     79     -1
     62      6      1     80     -1
     63      6      1     81     -1
     64      6      1     84     -1
     65      6      1     87     -1
     66      6      1     90     -1
     67      6      1     92     -1
     68      6      1     93     -1
     69      6      1     94     -1
     70      6      1     95     -1
     71      6      1     99     -1
     72      8      0     79      2
     73      8      0     79     10
     74      8      0     79     16
     75      8      0     79     18
     76      8      0     79     23
     77      8      0     79     35
     78      8      0     79     37
     79      8      0     79     38
     80      8      0     79     39
     81      8      0     79     40
     82      8      0     79     44
     83      8      0     79     45
     84      8      0     79     52
     85      8      0     79     53
     86      8      0     79     56
     87      8      0     79     71
     88      8      0     79     72
     89      8      0     79     89
     90      8      0      6      7
     91      8      0      6      8
     92      8      0      6      9
     93      8      0     93     94
     94      8      0     93     95
     95      8      0     93     96
     96      8      0     93     97
     97      8      0     69      0
     98      8      0     69     32
     99      8      0     69     34
    100      8      0     69     59
    101      8      0     69     64
    102      8      0     50     14
    103      8      0     50     19
    104      8      0     50     21
    105      8      0     50     25
    106      8      0     50     36
    107      8      0     50     42
    108      8      0     50     54
    109      8      0     50     67
    110      8      0     50     82
    111      8      0     48     27
    112      8      0     48     41
    113      8      0     48     60
    114      8      0     48     99
    115      8      0     48    102
    116      8      0     26      3
    117      8      0     26     13
    118      8      0     26     22
    119      8      0     26     29
    120      8      0     26     33
    121      8      0     26     43
    122      8      0     26     65
    123      8      0     26     73
    124      8      0     26     74
    125      8      0     26     81
    126      8      0     17      5
    127      8      0     17     28
    128      8      0     17     51
    129      8      0     17     68
    130      8      0     20     11
    131      8      0     20     12
    132      8      0     20     57
    133      8      0     20     70
    134      8      0     20     90
    135      8      0     20    100
