NoOfEntities:    56
NoOfRooms:       56
NoOfFloors:      3
NoOfConstraints: 88
NoOfHardConstraints: 49
NoOfSoftConstraints: 39

ENTITIES
      0      2        13.5
      1      3          18
      2      3        13.5
      3      3        13.5
      4      1          18
      5      1          18
      6      7          18
      7      5          18
      8      9       20.25
      9      6       20.25
     10      1       20.25
     11      2       20.25
     12     13        13.5
     13      9       20.25
     14     11        13.5
     15     10          18
     16      8          18
     17      2          18
     18      6          18
     19     13        13.5
     20     11        13.5
     21      7          18
     22     13        13.5
     23     11        13.5
     24      6       20.25
     25      4       20.25
     26      8          18
     27      0          18
     28      0          18
     29      0          18
     30     13        13.5
     31      2          18
     32      0       20.25
     33      8       20.25
     34     11        13.5
     35      5       20.25
     36     11        13.5
     37      2          18
     38      0       20.25
     39      0       20.25
     40      0          18
     41      0          18
     42      7          18
     43      0          18
     44      1          18
     45     12          18
     46     12          18
     47     12          18
     48     12          27
     49     12          27
     50      7          18
     51      0        13.5
     52     13        13.5
     53      0          18
     54     13        13.5
     55     11        13.5

ROOMS
      0      0          27      3   1   2   3
      1      0        18.3      2   0   2
      2      0        18.3      3   0   1   3
      3      0          27      3   0   2   4
      4      0        13.5      2   3   5
      5      0        13.5      2   4   6
      6      0        13.5      2   5   7
      7      0        13.5      1   6
      8      0        13.5      0
      9      1       20.25      2  10  13
     10      1       20.25      3   9  11  13
     11      1       20.25      3  10  12  18
     12      1       20.25      2  11  18
     13      1        13.5      3   9  10  14
     14      1        13.5      1  13
     15      1        13.5      0
     16      1        13.5      0
     17      1        13.5      1  18
     18      1        13.5      3  11  12  17
     19      1        18.3      2  20  22
     20      1        18.3      3  19  21  22
     21      1        18.3      1  20
     22      1        13.5      3  19  20  23
     23      1        13.5      3  22  24  25
     24      1        13.5      2  23  25
     25      1        18.3      2  23  24
     26      1        30.6      0
     27      2          18      3  28  29  30
     28      2        13.5      3  27  29  30
     29      2          18      4  27  28  30  31
     30      2        13.5      4  27  28  29  31
     31      2        13.5      3  29  30  32
     32      2        13.5      1  31
     33      2       20.25      2  34  37
     34      2       20.25      3  33  35  37
     35      2       20.25      3  34  36  47
     36      2       20.25      2  35  47
     37      2        18.3      2  33  34
     38      2        13.5      1  39
     39      2        13.5      2  38  40
     40      2        13.5      2  39  41
     41      2        13.5      1  40
     42      2        13.5      1  43
     43      2        13.5      2  42  44
     44      2        13.5      2  43  45
     45      2        13.5      2  44  46
     46      2        18.3      2  45  47
     47      2        18.3      3  35  36  46
     48      2        18.3      1  49
     49      2        18.3      3  48  50  51
     50      2        18.3      2  49  51
     51      2        13.5      3  49  50  52
     52      2        13.5      2  51  53
     53      2        13.5      3  52  54  55
     54      2        18.3      2  53  55
     55      2        13.5      2  53  54

CONSTRAINTS
      0      0      0     32     35
      1      0      0     23     37
      2      0      0     24     34
      3      0      0     11     50
      4      0      0      8     48
      5      0      0     22     19
      6      0      0      9     10
      7      0      0      1      5
      8      0      0     45      4
      9      7      1     36     32
     10      7      0      0     11
     11      7      0     26     16
     12      7      0     37      0
     13      7      0     31     37
     14      7      0     17     31
     15      7      1      2      1
     16      7      1     49     45
     17      7      0     12     52
     18      6      1      1     -1
     19      6      1      3     -1
     20      6      1      4     -1
     21      6      1      5     -1
     22      6      1      6     -1
     23      6      1      7     -1
     24      6      1      8     -1
     25      6      1      9     -1
     26      6      1     10     -1
     27      6      1     11     -1
     28      6      1     12     -1
     29      6      1     13     -1
     30      6      1     15     -1
     31      6      1     16     -1
     32      6      1     17     -1
     33      6      1     18     -1
     34      6      1     19     -1
     35      6      1     21     -1
     36      6      1     22     -1
     37      6      1     24     -1
     38      6      1     25     -1
     39      6      1     26     -1
     40      6      1     27     -1
     41      6      1     28     -1
     42      6      1     29     -1
     43      6      1     30     -1
     44      6      1     31     -1
     45      6      1     32     -1
     46      6      1     33     -1
     47      6      1     35     -1
     48      6      1     37     -1
     49      6      1     38     -1
     50      6      1     39     -1
     51      6      1     40     -1
     52      6      1     41     -1
     53      6      1     42     -1
     54      6      1     43     -1
     55      6      1     44     -1
     56      6      1     45     -1
     57      6      1     46     -1
     58      6      1     47     -1
     59      6      1     50     -1
     60      6      1     51     -1
     61      6      1     52     -1
     62      6      1     53     -1
     63      6      1     54     -1
     64      8      0     35      7
     65      8      0      1      2
     66      8      0      1      3
     67      8      0     45     46
     68      8      0     45     47
     69      8      0     45     48
     70      8      0     45     49
     71      8      0     33     16
     72      8      0     33     26
     73      8      0     24      9
     74      8      0     24     18
     75      8      0     22     12
     76      8      0     22     19
     77      8      0     22     30
     78      8      0     22     52
     79      8      0     22     54
     80      8      0     11      0
     81      8      0     11     17
     82      8      0     11     31
     83      8      0     11     37
     84      8      0      8     13
     85      8      0     10      4
     86      8      0     10      5
     87      8      0     10     44
